125943012
092511009
095743006
124933006
084020011
125452009
124852012
082824013
131312012
101157012
125621009
084150011
130236009
081110006
093853009
085936006
081456012
131416008
093914012
124311010
091415008
125502013
095423013
085551009
125028006
095209012
092344011
130823009
132158009
085441012
083847006
124706008
092739011
100535013
085237011
101753012
123900011
085945007
093839006
124414013
133953007
101024007
081925010
132943011
133645012
094604006
134019008
083726011
101433009
124635013
132057006
101729006
093614007
124328007
133948009
124753007
080452013
085843011
130348007
092922007
101821010
095654008
123617006
093525013
123753013
101440012
133243013
133705012
125119007
084705007
132041006
100752007
085258011
082910006
093339010
090009012
084623010
082434008
124131011
093903010
130859010
083650012
133412008
124940012
124717010
133044013
130005013
091007009
084628009
082818012
081018012
080408011
124821006
131255007
125529013
134235011
134153009
085013012
083509009
083606009
094449012
130051010
080106006
123339011
125111009
084029012
125923012
124802012
095400010
124851013
133234010
133028012
091857008
093141010
082740011
125600007
084920007
101545007
082534012
094206011
094247008
132656013
100221013
080434009
082338006
100913013
093325007
091752012
124710008
084403009
123410008
130254010
084545013
123409006
131615009
125116007
081126008
090208009
092444007
125015011
100010009
125719008
123952008
095500006
123450008
133119010
092416011
133649011
080517006
123849008
125555006
091733010
090849012
093324012
123726009
124246008
084902011
094055013
094627008
130040006
082551007
090724009
130220009
124419006
080255012
133853011
130234011
124635007
125206011
075812009
083126009
095747011
092715010
131242009
123548006
133144010
134212011
132008012
124000012
123335007
125259009
101707011
132407012
091113012
132742010
131012012
092559009
080858011
091220007
131116013
124557007
125612008
085825010
133353006
133710009
095137011
130724007
081752013
100333010
123341012
083929010
124000009
124020012
132344010
101525008
083515011
084743012
090638013
125427011
125722009
083952011
132203007
131824009
083244009
095803012
090456012
132343009
091541009
082357008
082644013
133215012
091320006
131350013
084749006
131038012
131511008
090040008
133950009
085900013
124233013
084737012
084337008
082534013
091017012
124622008
125247008
132642007
124122006
133526009
125235013
080659012
131202006
083953011
124105013
125941013
085422011
095433010
081810011
